image: hallways_closed.png
resolution: 0.050000
origin: [-27.500000, -14.7500000, 0.000000]
negate: 0
occupied_thresh: 0.65
free_thresh: 0.196

