- name: wp0
  theta: 0.9645139855380939
  x: 19.847863177730964
  y: 34.30564149423684
- name: wp1
  theta: -2.221712547694959
  x: 24.517909543876144
  y: 39.73979227303854
- name: wp2
  theta: -2.9203361014548785
  x: 23.567307333023162
  y: 35.66894550998318
