- name: wp1
  theta: -2.221712547694959
  x: 24.517909543876144
  y: 39.73979227303854
- name: wp2
  theta: -2.9203361014548785
  x: 23.567307333023162
  y: 35.66894550998318
