- name: wp0
  theta: 1.1577956947129973
  x: 21.144310977114916
  y: 34.30339163955688
- name: wp1
  theta: -2.057841939320672
  x: 24.415176984966894
  y: 39.99265315475592
- name: wp2
  theta: 0.024627705682775534
  x: 19.131621358527877
  y: 38.32603983255308
- name: locker
  theta: -3.1302643180303256
  x: 25.601727046750504
  y: 36.219689439284934
